k, Re(omega1), Im(omega1), Re(omega2), Im(omega2), ... [by BO]
+5.00000e-02 	-5.51847e-07 	+3.95801e-03 	-5.51847e-07 	+3.95801e-03 	-5.51847e-07 	+3.95801e-03 	-5.51847e-07 	+3.95801e-03 	
+6.00000e-02 	-1.47663e-05 	+5.55457e-03 	-1.47663e-05 	+5.55457e-03 	-1.47663e-05 	+5.55457e-03 	-1.47663e-05 	+5.55457e-03 	
+7.00000e-02 	-1.07815e-05 	+7.44144e-03 	-1.07815e-05 	+7.44144e-03 	-1.07815e-05 	+7.44144e-03 	-1.07815e-05 	+7.44144e-03 	
+8.00000e-02 	+2.04679e-05 	+9.64249e-03 	+2.04679e-05 	+9.64249e-03 	+2.04679e-05 	+9.64249e-03 	+2.04679e-05 	+9.64249e-03 	
+9.00000e-02 	+1.19827e-05 	+1.21495e-02 	+1.19827e-05 	+1.21495e-02 	+1.19827e-05 	+1.21495e-02 	+1.19827e-05 	+1.21495e-02 	
+1.00000e-01 	+7.01223e-06 	+1.49660e-02 	+7.01223e-06 	+1.49660e-02 	+7.01223e-06 	+1.49660e-02 	+7.01223e-06 	+1.49660e-02 	
+1.10000e-01 	+9.44983e-06 	+1.81154e-02 	+9.44983e-06 	+1.81154e-02 	+9.44983e-06 	+1.81154e-02 	+9.44983e-06 	+1.81154e-02 	
+1.20000e-01 	-3.95644e-05 	+2.16088e-02 	-3.95644e-05 	+2.16088e-02 	-3.95644e-05 	+2.16088e-02 	-3.95644e-05 	+2.16088e-02 	
+1.30000e-01 	-1.85667e-05 	+2.54741e-02 	-1.85667e-05 	+2.54741e-02 	-1.85667e-05 	+2.54741e-02 	-1.85667e-05 	+2.54741e-02 	
+1.40000e-01 	-2.77568e-05 	+2.97600e-02 	-2.77568e-05 	+2.97600e-02 	-2.77568e-05 	+2.97600e-02 	-2.77568e-05 	+2.97600e-02 	
+1.50000e-01 	+2.67530e-06 	+3.44689e-02 	+2.67530e-06 	+3.44689e-02 	+2.67530e-06 	+3.44689e-02 	+2.67530e-06 	+3.44689e-02 	
+1.60000e-01 	-3.08376e-06 	+3.94981e-02 	-3.08376e-06 	+3.94981e-02 	-3.08376e-06 	+3.94981e-02 	-3.08376e-06 	+3.94981e-02 	
+1.70000e-01 	+1.10219e-05 	+4.45693e-02 	+1.10219e-05 	+4.45693e-02 	+1.10219e-05 	+4.45693e-02 	+1.10219e-05 	+4.45693e-02 	
+1.80000e-01 	+5.30831e-06 	+4.93105e-02 	+5.30831e-06 	+4.93105e-02 	+5.30831e-06 	+4.93105e-02 	+5.30831e-06 	+4.93105e-02 	
+1.90000e-01 	+3.04789e-05 	+5.34101e-02 	+3.04789e-05 	+5.34101e-02 	+3.04789e-05 	+5.34101e-02 	+3.04789e-05 	+5.34101e-02 	
+2.00000e-01 	-1.27895e-05 	+5.67369e-02 	-1.27895e-05 	+5.67369e-02 	-1.27895e-05 	+5.67369e-02 	-1.27895e-05 	+5.67369e-02 	
+2.10000e-01 	-6.66101e-06 	+5.93381e-02 	-6.66101e-06 	+5.93381e-02 	-6.66101e-06 	+5.93381e-02 	-6.66101e-06 	+5.93381e-02 	
+2.20000e-01 	-8.33129e-06 	+6.12477e-02 	-8.33129e-06 	+6.12477e-02 	-8.33129e-06 	+6.12477e-02 	-8.33129e-06 	+6.12477e-02 	
+2.30000e-01 	-1.09055e-06 	+6.24342e-02 	-1.09055e-06 	+6.24342e-02 	-1.09055e-06 	+6.24342e-02 	-1.09055e-06 	+6.24342e-02 	
+2.40000e-01 	-1.17704e-05 	+6.28509e-02 	-1.17704e-05 	+6.28509e-02 	-1.17704e-05 	+6.28509e-02 	-1.17704e-05 	+6.28509e-02 	
+2.50000e-01 	+2.55005e-06 	+6.23850e-02 	+2.55005e-06 	+6.23850e-02 	+2.55005e-06 	+6.23850e-02 	+2.55005e-06 	+6.23850e-02 	
+2.60000e-01 	+3.54113e-06 	+6.09347e-02 	+3.54113e-06 	+6.09347e-02 	+3.54113e-06 	+6.09347e-02 	+3.54113e-06 	+6.09347e-02 	
+2.70000e-01 	-1.75307e-05 	+5.83812e-02 	-1.75307e-05 	+5.83812e-02 	-1.75307e-05 	+5.83812e-02 	-1.75307e-05 	+5.83812e-02 	
+2.80000e-01 	-7.88508e-06 	+5.46466e-02 	-7.88508e-06 	+5.46466e-02 	-7.88508e-06 	+5.46466e-02 	-7.88508e-06 	+5.46466e-02 	
+2.90000e-01 	+1.60444e-05 	+4.96628e-02 	+1.60444e-05 	+4.96628e-02 	+1.60444e-05 	+4.96628e-02 	+1.60444e-05 	+4.96628e-02 	
+3.00000e-01 	+1.94931e-06 	+4.33324e-02 	+1.94931e-06 	+4.33324e-02 	+1.94931e-06 	+4.33324e-02 	+1.94931e-06 	+4.33324e-02 	
+3.10000e-01 	-9.23750e-06 	+3.55727e-02 	-9.23750e-06 	+3.55727e-02 	-9.23750e-06 	+3.55727e-02 	-9.23750e-06 	+3.55727e-02 	
+3.20000e-01 	-2.53050e-05 	+2.62023e-02 	-2.53050e-05 	+2.62023e-02 	-2.53050e-05 	+2.62023e-02 	-2.53050e-05 	+2.62023e-02 	
+3.30000e-01 	+6.62942e-06 	+1.49916e-02 	+6.62942e-06 	+1.49916e-02 	+6.62942e-06 	+1.49916e-02 	+6.62942e-06 	+1.49916e-02 	
+3.40000e-01 	+1.73250e-05 	+1.73679e-03 	+1.73250e-05 	+1.73679e-03 	+1.73250e-05 	+1.73679e-03 	+1.73250e-05 	+1.73679e-03 	
+3.50000e-01 	-1.29297e-05 	-1.48229e-02 	-1.29297e-05 	-1.48229e-02 	-1.29297e-05 	-1.48229e-02 	-1.29297e-05 	-1.48229e-02 	
+3.60000e-01 	+1.49906e-05 	-3.61939e-02 	+1.49906e-05 	-3.61939e-02 	+1.49906e-05 	-3.61939e-02 	+1.49906e-05 	-3.61939e-02 	
+3.70000e-01 	+3.87925e-04 	-7.75413e-02 	+3.87925e-04 	-7.75413e-02 	+3.87925e-04 	-7.75413e-02 	+3.87925e-04 	-7.75413e-02 	
+3.80000e-01 	+4.16071e-02 	-9.12270e-02 	+4.16071e-02 	-9.12270e-02 	+4.16071e-02 	-9.12270e-02 	+4.16071e-02 	-9.12270e-02 	
+3.90000e-01 	+6.10327e-02 	-9.93327e-02 	+6.10327e-02 	-9.93327e-02 	+6.10327e-02 	-9.93327e-02 	+6.10327e-02 	-9.93327e-02 	
+4.00000e-01 	+7.71541e-02 	-1.07739e-01 	+7.71541e-02 	-1.07739e-01 	+7.71541e-02 	-1.07739e-01 	+7.71541e-02 	-1.07739e-01 	
+4.10000e-01 	+9.18562e-02 	-1.16430e-01 	+9.18562e-02 	-1.16430e-01 	+9.18562e-02 	-1.16430e-01 	+9.18562e-02 	-1.16430e-01 	
+4.20000e-01 	+1.05717e-01 	-1.25457e-01 	+1.05717e-01 	-1.25457e-01 	+1.05717e-01 	-1.25457e-01 	+1.05717e-01 	-1.25457e-01 	
+4.30000e-01 	+1.19111e-01 	-1.34748e-01 	+1.19111e-01 	-1.34748e-01 	+1.19111e-01 	-1.34748e-01 	+1.19111e-01 	-1.34748e-01 	
+4.40000e-01 	+1.32191e-01 	-1.44390e-01 	+1.32191e-01 	-1.44390e-01 	+1.32191e-01 	-1.44390e-01 	+1.32191e-01 	-1.44390e-01 	
+4.50000e-01 	+1.45116e-01 	-1.54287e-01 	+1.45116e-01 	-1.54287e-01 	+1.45116e-01 	-1.54287e-01 	+1.45116e-01 	-1.54287e-01 	
+4.60000e-01 	+1.57889e-01 	-1.64515e-01 	+1.57889e-01 	-1.64515e-01 	+1.57889e-01 	-1.64515e-01 	+1.57889e-01 	-1.64515e-01 	
+4.70000e-01 	+1.70669e-01 	-1.75017e-01 	+1.70669e-01 	-1.75017e-01 	+1.70669e-01 	-1.75017e-01 	+1.70669e-01 	-1.75017e-01 	
+4.80000e-01 	+1.83480e-01 	-1.85863e-01 	+1.83480e-01 	-1.85863e-01 	+1.83480e-01 	-1.85863e-01 	+1.83480e-01 	-1.85863e-01 	
+4.90000e-01 	+1.96254e-01 	-1.96963e-01 	+1.96254e-01 	-1.96963e-01 	+1.96254e-01 	-1.96963e-01 	+1.96254e-01 	-1.96963e-01 	
+5.00000e-01 	+2.09185e-01 	-2.08377e-01 	+2.09185e-01 	-2.08377e-01 	+2.09185e-01 	-2.08377e-01 	+2.09185e-01 	-2.08377e-01 	
