Below are the first nkwall=min(nw,4*S+6)=14 solutions from BO, sorted by imag part, at 10-Jan-2025 09:36:00
kz[kn]           kx[kn]           k[kn]            theta[deg]       Re(omega1[wn])   Im(omega1[wn])   Re(omega2[wn])   Im(omega2[wn])   Re(omega3[wn])   Im(omega3[wn])   Re(omega4[wn])   Im(omega4[wn])   Re(omega5[wn])   Im(omega5[wn])   Re(omega6[wn])   Im(omega6[wn])   Re(omega7[wn])   Im(omega7[wn])   Re(omega8[wn])   Im(omega8[wn])   Re(omega9[wn])   Im(omega9[wn])   Re(omega10[wn])  Im(omega10[wn])  Re(omega11[wn])  Im(omega11[wn])  Re(omega12[wn])  Im(omega12[wn])  Re(omega13[wn])  Im(omega13[wn])  Re(omega14[wn])  Im(omega14[wn])  
3.535534e-02     3.535534e-02     5.000000e-02     4.500000e+01     -5.518472e-07    3.958006e-03     4.165328e+04     9.321877e-08     -4.258085e+04    2.955649e-09     4.258085e+04     2.614969e-10     -3.591951e-10    4.143130e-11     5.434420e-11     6.084645e-12     9.441309e-14     2.250092e-13     -6.132741e-14    5.945900e-14     1.541887e-16     1.832346e-17     -1.040704e-13    -1.329318e-13    -4.074597e+04    -3.035375e-10    4.074597e+04     -1.877979e-09    1.631906e-07     -5.730154e-08    -4.165328e+04    -9.961644e-08    
4.242641e-02     4.242641e-02     6.000000e-02     4.500000e+01     -1.476635e-05    5.554570e-03     4.165329e+04     1.945199e-07     4.258085e+04     1.012904e-09     -4.258085e+04    8.187046e-10     -2.937679e-13    7.357167e-14     3.187865e-14     3.862584e-14     -4.103276e-16    -2.034751e-16    1.980625e-13     -2.883365e-13    3.065556e-11     -3.248544e-12    -3.140940e-11    -4.094676e-11    4.074598e+04     -1.378601e-10    -4.074598e+04    -8.353134e-10    -2.565519e-07    -1.927159e-07    -4.165329e+04    -2.051780e-07    
4.949747e-02     4.949747e-02     7.000000e-02     4.500000e+01     -1.078152e-05    7.441439e-03     -1.403727e-06    4.912556e-07     4.074600e+04     6.608103e-09     4.258087e+04     3.495527e-09     4.165329e+04     1.825443e-10     -1.870126e-11    4.900848e-11     -8.262555e-12    1.197700e-11     -4.123415e-14    1.038470e-13     6.082522e-17     -6.375405e-17    2.053017e-13     -6.678259e-14    5.728105e-14     -1.390432e-13    -4.165329e+04    -3.472607e-09    -4.074600e+04    -3.526037e-09    -4.258087e+04    -4.895581e-09    
5.656854e-02     5.656854e-02     8.000000e-02     4.500000e+01     2.046790e-05     9.642485e-03     5.351739e-05     4.265665e-06     2.192590e-07     6.110059e-08     4.165330e+04     4.926076e-08     4.258088e+04     1.859544e-09     -4.258088e+04    6.966869e-10     4.074601e+04     5.741857e-10     -4.720529e-12    1.492752e-11     -5.136958e-13    1.764669e-13     1.965706e-14     7.938604e-14     -1.979325e-14    1.839212e-14     -8.278556e-17    -5.009558e-17    1.287414e-11     -1.036622e-10    -4.074601e+04    -2.290132e-09    
6.363961e-02     6.363961e-02     9.000000e-02     4.500000e+01     1.198265e-05     1.214951e-02     -7.441097e-07    2.284934e-07     4.165331e+04     9.860198e-08     4.258089e+04     2.018596e-09     4.074602e+04     1.799769e-09     -4.646544e-13    4.387740e-13     5.488508e-17     4.496752e-17     4.586702e-14     -1.858817e-15    1.719768e-13     -2.395100e-14    -5.296032e-13    -8.706301e-12    -9.387052e-11    -9.072582e-11    -4.258089e+04    -5.094068e-10    -4.074602e+04    -2.017252e-09    -4.165331e+04    -4.623044e-08    
7.071068e-02     7.071068e-02     1.000000e-01     4.500000e+01     7.012226e-06     1.496598e-02     -2.081594e-05    3.188197e-05     1.026907e-06     3.327693e-07     -4.165332e+04    2.889384e-07     -4.258091e+04    7.956627e-09     -4.074604e+04    2.047242e-09     -9.076408e-12    1.607774e-12     -3.699513e-13    7.165125e-13     -3.195166e-14    7.498939e-14     -6.954528e-15    3.015505e-14     1.680693e-16     1.327032e-17     -4.752568e-11    -4.812014e-11    4.258091e+04     -8.992124e-10    4.074604e+04     -7.875907e-09    
7.778175e-02     7.778175e-02     1.100000e-01     4.500000e+01     9.449830e-06     1.811543e-02     -1.256645e-05    2.276615e-05     1.386187e-06     1.155108e-06     -4.165333e+04    4.643316e-08     -4.258092e+04    7.083202e-09     -4.074606e+04    3.123291e-09     1.171223e-11     2.988770e-12     -1.867710e-13    1.003608e-13     -2.212147e-16    -9.141684e-17    4.264184e-13     -7.164489e-15    -1.011830e-14    -2.390608e-14    3.206966e-11     -5.616260e-11    4.258092e+04     -3.663920e-09    4.074606e+04     -8.895069e-09    
8.485281e-02     8.485281e-02     1.200000e-01     4.500000e+01     -3.956442e-05    2.160880e-02     -6.974089e-05    2.142499e-05     -4.258094e+04    2.750904e-09     -4.074608e+04    1.880417e-09     2.747588e-11     1.505777e-10     4.258094e+04     9.877592e-11     -5.583692e-12    3.134767e-12     -1.439777e-13    3.416031e-13     2.189536e-15     5.028369e-15     -1.769195e-16    -6.370904e-16    2.504859e-13     -9.126558e-14    4.074608e+04     -2.747540e-09    -4.165335e+04    -2.549526e-08    4.165335e+04     -2.718696e-08    
9.192388e-02     9.192388e-02     1.300000e-01     4.500000e+01     -1.856671e-05    2.547409e-02     6.295357e-05     1.658949e-05     -4.165336e+04    7.964774e-08     4.074610e+04     6.450418e-09     -4.074610e+04    5.749859e-09     -7.458489e-11    3.588311e-11     -1.224314e-12    1.386209e-12     2.340232e-14     7.498860e-14     4.473970e-15     1.324830e-15     -5.143715e-17    -1.642214e-17    -1.574106e-13    -1.561016e-12    -4.258096e+04    -5.698672e-09    4.258096e+04     -6.527623e-09    4.165336e+04     -1.131861e-07    
9.899495e-02     9.899495e-02     1.400000e-01     4.500000e+01     -2.775683e-05    2.976003e-02     -4.165338e+04    1.932314e-08     4.165338e+04     1.802175e-08     4.074613e+04     6.435434e-09     -4.074613e+04    5.202719e-09     -4.134109e-10    3.341142e-10     3.143008e-12     2.124709e-12     -8.717785e-17    2.922157e-14     1.283108e-17     -6.973575e-17    -4.066626e-14    -3.511240e-14    8.223568e-14     -4.989810e-13    4.258098e+04     -3.844497e-09    -4.258098e+04    -5.790819e-09    5.777433e-07     -2.080113e-07    
1.060660e-01     1.060660e-01     1.500000e-01     4.500000e+01     2.675298e-06     3.446892e-02     4.165339e+04     1.436507e-08     4.258101e+04     2.803455e-09     -4.258101e+04    2.394568e-09     -8.377492e-11    1.632129e-10     1.552048e-13     4.098302e-13     1.620329e-16     -1.553252e-16    7.044303e-15     -1.698051e-15    -1.855174e-13    -1.000286e-13    -3.523281e-12    -2.112256e-13    -4.074615e+04    -4.036778e-09    4.074615e+04     -6.724370e-09    -4.165339e+04    -4.738197e-08    1.338536e-06     -5.929393e-07    
1.131371e-01     1.131371e-01     1.600000e-01     4.500000e+01     -3.083758e-06    3.949808e-02     2.025079e-05     1.800460e-05     -8.898626e-07    1.563856e-06     4.165341e+04     3.488564e-08     4.258103e+04     4.319207e-09     -2.002847e-13    1.788626e-12     -2.970177e-13    5.501454e-13     4.252077e-14     4.182238e-14     -6.319586e-17    -1.480113e-16    1.688329e-14     -1.026432e-13    4.074618e+04     -3.841096e-11    9.271580e-11     -8.154612e-11    -4.258103e+04    -4.540781e-10    -4.074618e+04    -1.592797e-09    
1.202082e-01     1.202082e-01     1.700000e-01     4.500000e+01     1.102193e-05     4.456933e-02     4.165343e+04     2.071357e-07     -4.074621e+04    8.924535e-09     4.074621e+04     3.728211e-11     1.851866e-13     3.785396e-13     -2.911549e-14    4.541929e-14     -8.298031e-14    1.507101e-14     7.940524e-17     3.424178e-17     1.766320e-12     -4.740341e-13    4.403334e-12     -6.471966e-11    -4.258106e+04    -1.161828e-10    4.258106e+04     -9.177357e-09    -4.165343e+04    -1.973929e-07    -9.986495e-06    -1.532060e-06    
1.272792e-01     1.272792e-01     1.800000e-01     4.500000e+01     5.308314e-06     4.931049e-02     -6.858446e-07    1.002557e-06     4.165345e+04     4.571565e-08     4.074624e+04     3.569504e-09     4.258109e+04     1.600176e-09     -6.634732e-14    1.304108e-13     -1.541145e-16    3.719741e-17     2.433809e-14     -1.917548e-14    -2.060060e-13    -5.396636e-14    1.483900e-12     -1.466106e-12    1.078001e-10     -9.749622e-11    -4.074624e+04    -4.760037e-10    -4.258109e+04    -5.231694e-09    -4.165345e+04    -3.063283e-08    
1.343503e-01     1.343503e-01     1.900000e-01     4.500000e+01     3.047893e-05     5.341013e-02     -4.165347e+04    1.606096e-07     4.258112e+04     2.475291e-09     -4.258112e+04    2.179460e-10     -7.053422e-13    1.493393e-12     9.323238e-14     3.705084e-14     9.166955e-17     -1.736577e-16    -2.377837e-14    -8.830561e-15    -1.523150e-14    -3.519492e-13    3.975505e-10     -6.867800e-10    4.074627e+04     -7.196260e-10    -4.074627e+04    -8.552157e-10    -3.449039e-07    -8.703122e-08    4.165347e+04     -1.038129e-07    
1.414214e-01     1.414214e-01     2.000000e-01     4.500000e+01     -1.278951e-05    5.673689e-02     -2.396500e-05    1.021385e-05     -4.165349e+04    1.530194e-07     4.258115e+04     4.434646e-09     4.074631e+04     3.276629e-09     -7.553243e-12    4.699738e-13     1.427066e-13     2.594170e-13     -1.122609e-14    1.005411e-14     1.625662e-16     4.056076e-17     -2.515323e-13    -1.869416e-13    2.799439e-11     -1.115619e-12    -4.074631e+04    -5.019607e-09    -4.258115e+04    -5.678995e-09    4.165349e+04     -2.199130e-07    
1.484924e-01     1.484924e-01     2.100000e-01     4.500000e+01     -6.661014e-06    5.933808e-02     -9.019624e-07    1.452791e-06     -4.165352e+04    6.750406e-08     4.074634e+04     8.615608e-09     4.258118e+04     5.410854e-09     7.190716e-11     3.884345e-11     3.173181e-16     -2.891737e-16    4.009269e-14     -1.344606e-14    1.234896e-13     -1.300062e-13    -7.528146e-14    -1.688946e-13    1.122337e-12     -3.669532e-12    -4.074634e+04    -4.627804e-09    -4.258118e+04    -8.014985e-09    4.165352e+04     -1.067110e-07    
1.555635e-01     1.555635e-01     2.200000e-01     4.500000e+01     -8.331291e-06    6.124767e-02     -2.267930e-07    1.489764e-06     -4.258122e+04    2.072003e-09     -4.074638e+04    9.714736e-10     4.258122e+04     3.226245e-10     6.606403e-11     7.868610e-11     3.212727e-13     2.253075e-13     3.193700e-14     3.889656e-14     -1.143701e-13    1.818921e-14     -2.003616e-17    1.080823e-16     -5.304681e-13    -2.905223e-12    4.074638e+04     -2.093994e-09    4.165354e+04     -3.946988e-08    -4.165354e+04    -4.995778e-08    
1.626346e-01     1.626346e-01     2.300000e-01     4.500000e+01     -1.090549e-06    6.243420e-02     -3.979345e-06    6.451677e-06     -4.165357e+04    1.087798e-08     4.074642e+04     7.028290e-09     -4.074642e+04    5.179057e-10     4.258125e+04     1.706570e-10     -6.392859e-13    3.219387e-12     -7.417204e-14    2.779719e-14     2.737764e-17     1.468416e-16     3.047777e-14     -6.573264e-16    -4.425555e-13    -1.160991e-13    8.652004e-11     -3.752396e-11    -4.258125e+04    -3.627138e-09    4.165357e+04     -2.056723e-08    
1.697056e-01     1.697056e-01     2.400000e-01     4.500000e+01     -1.177041e-05    6.285090e-02     4.165359e+04     6.814387e-08     4.074646e+04     3.289915e-09     4.258129e+04     2.321355e-09     -4.074646e+04    1.183530e-09     -2.828237e-10    5.509487e-10     -6.707923e-15    6.122807e-13     -2.499232e-14    8.829537e-15     2.279255e-18     7.624104e-17     4.323422e-14     -6.569898e-14    -9.652515e-13    -1.225863e-12    -4.258129e+04    -3.398835e-09    -4.165359e+04    -1.283373e-07    -3.573866e-05    -2.593232e-06    
1.767767e-01     1.767767e-01     2.500000e-01     4.500000e+01     2.550050e-06     6.238504e-02     -2.776974e-05    1.184049e-05     -4.165362e+04    1.387547e-07     4.258133e+04     5.280514e-09     -7.114798e-13    1.194110e-12     -4.119656e-13    3.092758e-13     6.098748e-14     2.361187e-13     1.223567e-14     1.088992e-14     2.307476e-16     5.465593e-17     4.074650e+04     -1.009568e-10    -8.241957e-11    -1.874716e-10    -4.258133e+04    -3.208215e-09    -4.074650e+04    -5.303891e-09    4.165362e+04     -1.299804e-07    
1.838478e-01     1.838478e-01     2.600000e-01     4.500000e+01     3.541129e-06     6.093472e-02     -2.773695e-06    5.375072e-06     4.165365e+04     1.407994e-07     4.258137e+04     2.505870e-09     4.074655e+04     1.214926e-09     1.523087e-13     5.076746e-13     -4.489728e-12    3.885421e-13     -2.294208e-16    2.029924e-16     -1.244290e-14    -1.252326e-14    -6.114951e-14    -1.560253e-13    5.283392e-10     -5.407975e-11    -4.258137e+04    -5.969661e-10    -4.074655e+04    -3.415576e-09    -4.165365e+04    -1.670891e-07    
1.909188e-01     1.909188e-01     2.700000e-01     4.500000e+01     -1.753067e-05    5.838120e-02     2.270527e-05     1.752929e-05     -4.258141e+04    3.119027e-09     -4.074659e+04    2.574926e-09     -4.985244e-10    1.890573e-11     3.485220e-12     1.870702e-13     -1.026174e-13    1.036519e-13     -1.701303e-16    3.085087e-17     9.000481e-14     -3.242259e-15    -9.194629e-15    -1.048479e-13    4.258141e+04     -2.068935e-10    4.074659e+04     -1.856723e-09    -4.165368e+04    -1.996848e-08    4.165368e+04     -7.272128e-08    
1.979899e-01     1.979899e-01     2.800000e-01     4.500000e+01     -7.885082e-06    5.464659e-02     2.243492e-08     5.303800e-06     -4.165371e+04    1.503751e-07     4.074664e+04     4.051238e-09     4.258146e+04     1.998458e-09     -4.074664e+04    9.832696e-10     2.225221e-10     3.937128e-10     1.039550e-12     1.798038e-12     5.252002e-15     4.221079e-14     -1.454784e-16    -8.616024e-16    -2.026115e-13    -3.875206e-14    7.066962e-14     -7.112795e-13    -4.258146e+04    -6.126460e-09    4.165371e+04     -1.170049e-07    
2.050610e-01     2.050610e-01     2.900000e-01     4.500000e+01     1.604436e-05     4.966280e-02     6.556416e-06     9.512699e-06     -4.165374e+04    1.238013e-07     -4.258150e+04    4.241287e-09     4.258150e+04     4.160510e-09     2.665174e-13     5.438570e-13     -2.437473e-13    5.417222e-14     1.031273e-14     3.735911e-14     2.539020e-16     1.842592e-16     3.156223e-13     -7.931082e-14    -1.534795e-10    -4.901129e-10    4.074669e+04     -9.235682e-10    -4.074669e+04    -9.881268e-09    4.165374e+04     -1.702562e-07    
2.121320e-01     2.121320e-01     3.000000e-01     4.500000e+01     1.949310e-06     4.333240e-02     -7.110770e-05    4.159214e-05     4.165378e+04     2.487849e-07     6.258289e-11     1.871225e-09     -3.322545e-13    3.824681e-13     1.176618e-13     4.100356e-14     4.599780e-14     2.455919e-14     -2.308501e-16    -1.114376e-16    1.720341e-12     -1.079671e-12    4.074674e+04     -3.643615e-10    4.258155e+04     -5.996130e-10    -4.258155e+04    -3.201047e-09    -4.074674e+04    -3.359728e-09    -4.165378e+04    -2.504942e-07    
2.192031e-01     2.192031e-01     3.100000e-01     4.500000e+01     -9.237497e-06    3.557273e-02     -4.071860e-05    5.906494e-05     -4.165381e+04    9.381809e-08     -4.074680e+04    1.919983e-09     2.191738e-10     7.930193e-11     -1.278462e-12    4.463007e-13     1.434347e-13     1.232688e-13     -5.000271e-17    9.643856e-16     -4.686364e-14    -3.323449e-14    4.275312e-13     -3.114618e-12    -4.258160e+04    -3.795717e-09    4.074680e+04     -4.442648e-09    4.258160e+04     -5.866745e-09    4.165381e+04     -4.515302e-08    
2.262742e-01     2.262742e-01     3.200000e-01     4.500000e+01     -2.530500e-05    2.620228e-02     -1.058200e-04    4.514201e-05     4.165385e+04     1.512643e-07     -4.074685e+04    3.352879e-09     4.258165e+04     6.129356e-10     9.698165e-10     3.447450e-10     6.228859e-15     6.717530e-14     -2.480845e-16    -1.405980e-15    4.864314e-14     -1.908589e-14    3.668216e-13     -1.445017e-13    -5.933151e-12    -1.583128e-12    4.074685e+04     -4.333174e-09    -4.258165e+04    -5.522903e-09    -4.165385e+04    -1.430986e-07    
2.333452e-01     2.333452e-01     3.300000e-01     4.500000e+01     6.629420e-06     1.499162e-02     4.646184e-06     6.423243e-06     4.165388e+04     4.477353e-08     4.074691e+04     1.577033e-09     -4.258170e+04    6.609812e-10     -2.153931e-09    6.023215e-10     -6.578309e-12    9.481591e-12     -2.325770e-13    3.258319e-13     6.137005e-14     6.909316e-14     -2.744416e-16    -1.519405e-15    4.175155e-14     -6.106659e-14    4.258170e+04     -1.401633e-09    -4.074691e+04    -4.663730e-09    -4.165388e+04    -2.431066e-08    
2.404163e-01     2.404163e-01     3.400000e-01     4.500000e+01     1.732504e-05     1.736785e-03     3.122737e-06     1.390303e-06     4.165392e+04     3.807808e-08     4.074696e+04     3.632795e-09     -4.074696e+04    1.887435e-09     -3.834914e-12    1.236730e-11     -5.791564e-14    2.775974e-13     3.330990e-13     5.017332e-14     7.341514e-16     -3.749697e-16    2.959518e-14     -4.697254e-14    4.258175e+04     -2.297870e-10    -1.737402e-10    -1.263837e-09    -4.258175e+04    -4.068409e-09    -4.165392e+04    -3.616977e-08    
2.474874e-01     2.474874e-01     3.500000e-01     4.500000e+01     -7.049298e-05    6.855455e-07     -4.165396e+04    9.047278e-09     -4.258181e+04    6.085447e-09     4.165396e+04     2.589456e-09     4.074702e+04     2.525008e-09     -1.034296e-12    4.977571e-12     -8.849639e-14    2.041488e-13     2.940046e-14     2.664694e-14     5.470125e-16     -2.825826e-17    3.750439e-14     -1.910329e-13    4.258181e+04     -1.407518e-09    -3.033707e-10    -3.290723e-09    -4.074702e+04    -3.430983e-09    2.449461e-08     -1.147850e-06    
2.545584e-01     2.545584e-01     3.600000e-01     4.500000e+01     -1.866444e-04    7.017259e-05     -1.414930e-06    3.375041e-07     4.258186e+04     6.115734e-09     4.074709e+04     4.283240e-09     1.806283e-10     4.262585e-10     -2.858215e-13    2.046540e-13     4.930563e-14     2.819898e-14     -9.969940e-17    3.753770e-16     4.173456e-14     -1.217341e-13    4.657735e-12     -9.726718e-13    -4.258186e+04    -5.789892e-10    -4.165400e+04    -1.066301e-08    -4.074709e+04    -1.241904e-08    4.165400e+04     -2.553593e-08    
2.616295e-01     2.616295e-01     3.700000e-01     4.500000e+01     -1.536695e-06    1.857971e-05     -4.165404e+04    1.762224e-07     4.165404e+04     2.591955e-08     -4.074715e+04    8.065992e-09     4.074715e+04     1.121975e-09     6.506659e-10     3.498153e-10     -3.802059e-15    2.758994e-13     -2.749069e-14    4.844824e-14     3.514058e-16     1.263965e-15     -1.436411e-13    -1.320879e-13    -7.397444e-13    -7.802293e-13    -4.258192e+04    -3.101529e-09    4.258192e+04     -5.461483e-09    9.314528e-06     -2.204732e-05    
2.687006e-01     2.687006e-01     3.800000e-01     4.500000e+01     -5.568962e-08    3.226316e-07     4.165409e+04     2.665879e-07     4.258198e+04     6.528936e-09     -4.258198e+04    1.875641e-09     1.455611e-12     1.702171e-12     -2.884801e-14    2.878073e-13     9.152521e-13     1.660053e-13     2.549254e-14     2.135200e-14     -5.748726e-16    -2.150076e-16    4.074721e+04     -5.664761e-11    4.758825e-09     -2.544346e-09    -4.074721e+04    -4.219925e-09    -4.165409e+04    -2.170019e-07    -7.834642e-05    -4.610681e-05    
2.757716e-01     2.757716e-01     3.900000e-01     4.500000e+01     -4.074728e+04    4.245283e-09     4.258204e+04     2.801869e-09     4.074728e+04     1.940620e-09     -1.004432e-13    1.241012e-13     8.020786e-16     1.062836e-15     -1.470311e-14    -1.975627e-14    -3.954818e-13    -2.086224e-13    -5.025215e-13    -9.007412e-13    1.373586e-09     -5.574531e-10    -4.258204e+04    -1.595126e-09    -4.165413e+04    -1.786003e-08    4.165413e+04     -5.186385e-08    5.591371e-06     -3.384902e-06    -2.855913e-05    -1.777225e-05    
2.828427e-01     2.828427e-01     4.000000e-01     4.500000e+01     2.548055e-06     2.101136e-06     -4.165418e+04    2.757008e-08     1.572346e-09     3.213559e-10     8.658058e-13     9.692259e-13     -3.150395e-14    4.869210e-14     5.215223e-16     -1.070643e-15    -5.120876e-13    -8.291791e-14    1.885897e-13     -1.471632e-13    -4.074735e+04    -5.253235e-11    -4.258210e+04    -1.191600e-09    4.258210e+04     -5.512023e-09    4.074735e+04     -8.352608e-09    4.165418e+04     -1.592785e-07    -6.397273e-05    -4.802350e-06    
2.899138e-01     2.899138e-01     4.100000e-01     4.500000e+01     9.075934e-06     4.381449e-06     4.258217e+04     3.198579e-09     7.177383e-14     2.311571e-13     6.161693e-14     4.791311e-14     -3.657979e-16    1.969861e-16     3.365490e-13     -5.982776e-14    -1.044474e-12    -7.292446e-14    2.604654e-10     -6.516571e-11    -4.258217e+04    -7.587855e-10    -4.074741e+04    -8.284329e-10    4.074741e+04     -4.798199e-09    -4.165422e+04    -1.047370e-07    4.165422e+04     -1.769462e-07    1.008350e-05     -6.800271e-05    
2.969848e-01     2.969848e-01     4.200000e-01     4.500000e+01     -1.936651e-04    2.048913e-05     -8.086996e-07    1.947852e-06     4.165427e+04     1.425617e-07     4.074749e+04     1.660320e-10     -4.258223e+04    9.519782e-11     -4.838393e-13    5.580396e-13     7.369423e-15     6.793090e-14     -5.888794e-13    4.633691e-14     5.329112e-16     -1.599370e-15    1.432538e-13     -1.352051e-14    4.258223e+04     -7.239572e-10    4.532209e-10     -1.121148e-09    -4.074749e+04    -3.401691e-09    -4.165427e+04    -2.676863e-07    
3.040559e-01     3.040559e-01     4.300000e-01     4.500000e+01     9.842678e-06     9.481832e-06     4.165432e+04     4.791984e-08     -4.258230e+04    9.417989e-10     4.258230e+04     2.896757e-10     1.396424e-12     5.974345e-13     -6.562947e-14    2.417897e-13     2.652714e-14     2.247889e-14     -7.385284e-16    -2.312902e-15    9.136978e-15     -1.305957e-13    8.815545e-11     -1.768498e-11    4.074756e+04     -2.982583e-09    -4.074756e+04    -9.517816e-09    -4.165432e+04    -2.217346e-07    -5.824507e-06    -3.976138e-05    
3.111270e-01     3.111270e-01     4.400000e-01     4.500000e+01     2.645420e-05     3.117077e-06     4.165437e+04     3.602658e-08     -4.074763e+04    3.232274e-09     4.258237e+04     2.816019e-09     -4.258237e+04    8.994911e-11     4.302586e-10     6.905137e-11     4.731802e-13     2.372596e-13     5.084589e-14     1.809305e-13     4.338192e-16     -3.631942e-17    2.328462e-13     -1.475953e-13    -1.084547e-13    -4.272582e-13    4.074763e+04     -4.434765e-09    -4.165437e+04    -2.232501e-08    -2.022958e-05    -1.837815e-05    
3.181981e-01     3.181981e-01     4.500000e-01     4.500000e+01     -1.165722e-04    3.362731e-05     2.365541e-06     5.591053e-06     4.165442e+04     1.922758e-07     -4.258243e+04    5.593972e-09     -1.407972e-10    3.724842e-10     -2.853437e-13    4.323014e-13     -1.196439e-13    2.281128e-13     1.764957e-13     1.058237e-13     2.860560e-16     -1.154244e-15    3.531321e-13     -3.583407e-13    4.258243e+04     -1.821081e-09    -4.074771e+04    -3.233944e-09    4.074771e+04     -8.169465e-09    -4.165442e+04    -2.829758e-07    
3.252691e-01     3.252691e-01     4.600000e-01     4.500000e+01     -6.295563e-05    5.101164e-06     -4.074778e+04    5.591074e-09     -4.258251e+04    1.910926e-10     -4.142412e-13    3.284532e-13     1.769321e-14     4.972308e-14     1.126742e-15     -8.920766e-16    3.014109e-13     -3.731167e-14    4.571902e-14     -3.845691e-13    -7.229894e-10    -4.980011e-10    4.074778e+04     -3.422627e-09    4.258251e+04     -6.054039e-09    4.165447e+04     -1.720148e-08    -4.165447e+04    -1.630646e-07    2.505697e-06     -1.231026e-06    
3.323402e-01     3.323402e-01     4.700000e-01     4.500000e+01     -4.165452e+04    1.499517e-07     -4.258258e+04    8.600370e-09     -1.952469e-10    3.676955e-10     4.074786e+04     1.665787e-10     -2.113108e-15    -1.082200e-15    -3.614567e-14    -2.601032e-14    6.023337e-14     -1.357208e-13    7.947368e-13     -3.340488e-13    -3.342988e-13    -4.960444e-13    -4.074786e+04    -2.910477e-09    4.258258e+04     -1.360800e-08    4.165452e+04     -1.461546e-07    5.453280e-05     -1.715322e-06    -1.265081e-05    -1.974428e-06    
3.394113e-01     3.394113e-01     4.800000e-01     4.500000e+01     3.481187e-05     7.234140e-05     -4.258265e+04    9.847064e-10     4.072107e-13     3.725856e-13     3.086410e-13     2.208767e-14     -1.437584e-15    4.933107e-15     -4.579354e-15    -9.880205e-15    7.948356e-15     -2.041204e-13    -9.103152e-10    -7.259354e-10    -4.074794e+04    -1.126721e-09    4.074794e+04     -2.370776e-09    4.258265e+04     -7.261081e-09    4.165458e+04     -6.981100e-08    -4.165458e+04    -1.207428e-07    4.868728e-06     -9.350211e-06    
3.464823e-01     3.464823e-01     4.900000e-01     4.500000e+01     -1.373370e-05    9.270221e-07     -4.165463e+04    2.562746e-07     4.258273e+04     1.091712e-09     1.081920e-10     1.655000e-10     1.084964e-12     5.250366e-13     -1.203428e-13    2.626157e-14     9.449343e-14     1.528420e-14     -1.192219e-12    7.369578e-15     8.993000e-16     -3.034231e-16    4.074802e+04     -2.298731e-09    -4.074802e+04    -2.316733e-09    -4.258273e+04    -6.334051e-09    4.165463e+04     -8.894567e-08    -4.483779e-05    -1.672035e-05    
3.535534e-01     3.535534e-01     5.000000e-01     4.500000e+01     4.074811e+04     1.065899e-08     4.258280e+04     4.389780e-09     -4.258280e+04    1.194572e-10     -2.078782e-16    -4.344056e-15    -3.176845e-14    -2.790842e-14    2.048007e-13     -5.527638e-14    -5.020511e-13    -4.652577e-13    -6.908222e-14    -6.615046e-13    -3.156057e-10    -1.288759e-11    -4.074811e+04    -2.010540e-09    -4.165469e+04    -1.391047e-08    4.165469e+04     -4.495432e-08    -4.529976e-06    -5.930757e-06    4.811608e-05     -1.620248e-05    
