k, Re(omega1), Im(omega1), Re(omega2), Im(omega2), ... [by BO]
+1.00000e+00 	-4.99280e+00 	-2.41495e-02 	-4.99280e+00 	-2.41495e-02 	-5.99348e+00 	-2.81881e-02 	-5.99348e+00 	-2.81881e-02 	+5.99348e+00 	-2.81881e-02 	-2.04683e+00 	-5.18614e-02 	+6.99399e+00 	-3.33012e-02 	+6.99399e+00 	-3.33012e-02 	+6.99399e+00 	-3.33012e-02 	
+1.10000e+00 	-4.99189e+00 	-2.56624e-02 	-4.99189e+00 	-2.56624e-02 	-5.99273e+00 	-2.97834e-02 	-5.99273e+00 	-2.97834e-02 	+5.99273e+00 	-2.97834e-02 	-2.04613e+00 	-2.65121e-02 	+6.99330e+00 	-3.51409e-02 	+6.99330e+00 	-3.51409e-02 	+6.99330e+00 	-3.51409e-02 	
+1.20000e+00 	-4.99092e+00 	-2.71616e-02 	-4.99092e+00 	-2.71616e-02 	-5.99196e+00 	-3.12820e-02 	-5.99196e+00 	-3.12820e-02 	+5.99196e+00 	-3.12820e-02 	-1.99563e+00 	-1.96598e-03 	+6.99259e+00 	-3.68413e-02 	+6.99259e+00 	-3.68413e-02 	+6.99259e+00 	-3.68413e-02 	
+1.30000e+00 	-4.98988e+00 	-2.86922e-02 	-4.98988e+00 	-2.86922e-02 	-5.99116e+00 	-3.27008e-02 	-5.99116e+00 	-3.27008e-02 	+5.99116e+00 	-3.27008e-02 	-1.95218e+00 	-1.55676e-02 	+6.99185e+00 	-3.84185e-02 	+6.99185e+00 	-3.84185e-02 	+6.99185e+00 	-3.84185e-02 	
+1.40000e+00 	-4.98881e+00 	-3.03040e-02 	-4.98881e+00 	-3.03040e-02 	-5.99033e+00 	-3.40595e-02 	-5.99033e+00 	-3.40595e-02 	+5.99033e+00 	-3.40595e-02 	-1.94802e+00 	-8.22749e-02 	+6.99110e+00 	-3.98875e-02 	+6.99110e+00 	-3.98875e-02 	+6.99110e+00 	-3.98875e-02 	
+1.50000e+00 	-4.98770e+00 	-3.20475e-02 	-4.98770e+00 	-3.20475e-02 	-5.98946e+00 	-3.53821e-02 	-5.98946e+00 	-3.53821e-02 	+5.98946e+00 	-3.53821e-02 	-1.94677e+00 	-9.26766e-02 	+6.99032e+00 	-4.12633e-02 	+6.99032e+00 	-4.12633e-02 	+6.99032e+00 	-4.12633e-02 	
+1.60000e+00 	-4.98650e+00 	-3.39583e-02 	-4.98650e+00 	-3.39583e-02 	-5.98857e+00 	-3.66971e-02 	-5.98857e+00 	-3.66971e-02 	+5.98857e+00 	-3.66971e-02 	-1.96911e+00 	-5.83863e-02 	+6.98952e+00 	-4.25622e-02 	+6.98952e+00 	-4.25622e-02 	+6.98952e+00 	-4.25622e-02 	
+1.70000e+00 	-4.98509e+00 	-3.59522e-02 	-4.98509e+00 	-3.59522e-02 	-5.98768e+00 	-3.80365e-02 	-5.98768e+00 	-3.80365e-02 	+5.98768e+00 	-3.80365e-02 	-1.98476e+00 	-2.92535e-02 	+6.98870e+00 	-4.38026e-02 	+6.98870e+00 	-4.38026e-02 	+6.98870e+00 	-4.38026e-02 	
+1.80000e+00 	-4.98347e+00 	-3.77696e-02 	-4.98347e+00 	-3.77696e-02 	-5.98680e+00 	-3.94336e-02 	-5.98680e+00 	-3.94336e-02 	+5.98680e+00 	-3.94336e-02 	-1.99710e+00 	-1.66926e-02 	+6.98785e+00 	-4.50056e-02 	+6.98785e+00 	-4.50056e-02 	+6.98785e+00 	-4.50056e-02 	
+1.90000e+00 	-4.98182e+00 	-3.93327e-02 	-4.98182e+00 	-3.93327e-02 	-5.98599e+00 	-4.09238e-02 	-5.98599e+00 	-4.09238e-02 	+5.98599e+00 	-4.09238e-02 	-2.00541e+00 	-9.49169e-03 	+6.98700e+00 	-4.61949e-02 	+6.98700e+00 	-4.61949e-02 	+6.98700e+00 	-4.61949e-02 	
+2.00000e+00 	-4.98023e+00 	-4.06927e-02 	-4.98023e+00 	-4.06927e-02 	-5.98526e+00 	-4.25519e-02 	-5.98526e+00 	-4.25519e-02 	+5.98526e+00 	-4.25519e-02 	-2.00596e+00 	-1.37188e-03 	+6.98615e+00 	-4.73971e-02 	+6.98615e+00 	-4.73971e-02 	+6.98615e+00 	-4.73971e-02 	
+2.10000e+00 	-4.97869e+00 	-4.18747e-02 	-4.97869e+00 	-4.18747e-02 	-5.98460e+00 	-4.43881e-02 	-5.98460e+00 	-4.43881e-02 	+5.98460e+00 	-4.43881e-02 	-2.00385e+00 	+3.24639e-03 	+6.98531e+00 	-4.86399e-02 	+6.98531e+00 	-4.86399e-02 	+6.98531e+00 	-4.86399e-02 	
+2.20000e+00 	-4.97723e+00 	-4.28899e-02 	-4.97723e+00 	-4.28899e-02 	-5.98392e+00 	-4.65562e-02 	-5.98392e+00 	-4.65562e-02 	+5.98392e+00 	-4.65562e-02 	-2.00012e+00 	+4.08359e-03 	+6.98453e+00 	-4.99518e-02 	+6.98453e+00 	-4.99518e-02 	+6.98453e+00 	-4.99518e-02 	
+2.30000e+00 	-4.97587e+00 	-4.37739e-02 	-4.97587e+00 	-4.37739e-02 	-5.98282e+00 	-4.91706e-02 	-5.98282e+00 	-4.91706e-02 	+5.98282e+00 	-4.91706e-02 	-1.99818e+00 	+3.99218e-03 	+6.98381e+00 	-5.13629e-02 	+6.98381e+00 	-5.13629e-02 	+6.98381e+00 	-5.13629e-02 	
+2.40000e+00 	-4.97459e+00 	-4.45755e-02 	-4.97459e+00 	-4.45755e-02 	-5.98083e+00 	-5.13704e-02 	-5.98083e+00 	-5.13704e-02 	+5.98083e+00 	-5.13704e-02 	-1.99649e+00 	+4.07755e-03 	+6.98316e+00 	-5.29092e-02 	+6.98316e+00 	-5.29092e-02 	+6.98316e+00 	-5.29092e-02 	
+2.50000e+00 	-4.97336e+00 	-4.53149e-02 	-4.97336e+00 	-4.53149e-02 	-5.97890e+00 	-5.28386e-02 	-5.97890e+00 	-5.28386e-02 	+5.97890e+00 	-5.28386e-02 	-1.99467e+00 	+3.96190e-03 	+6.98256e+00 	-5.46385e-02 	+6.98256e+00 	-5.46385e-02 	+6.98256e+00 	-5.46385e-02 	
+2.60000e+00 	-4.97213e+00 	-4.59827e-02 	-4.97213e+00 	-4.59827e-02 	-5.97717e+00 	-5.40123e-02 	-5.97717e+00 	-5.40123e-02 	+5.97717e+00 	-5.40123e-02 	-1.99285e+00 	+3.39374e-03 	+6.98195e+00 	-5.66194e-02 	+6.98195e+00 	-5.66194e-02 	+6.98195e+00 	-5.66194e-02 	
+2.70000e+00 	-4.97248e+00 	-5.24832e-02 	-4.97248e+00 	-5.24832e-02 	-5.97556e+00 	-5.50068e-02 	-5.97556e+00 	-5.50068e-02 	+5.97556e+00 	-5.50068e-02 	-1.99134e+00 	+2.37062e-03 	+6.98114e+00 	-5.89398e-02 	+6.98114e+00 	-5.89398e-02 	+6.98114e+00 	-5.89398e-02 	
+2.80000e+00 	-4.97216e+00 	-5.32265e-02 	-4.97216e+00 	-5.32265e-02 	-5.97403e+00 	-5.58505e-02 	-5.97403e+00 	-5.58505e-02 	+5.97403e+00 	-5.58505e-02 	-1.99038e+00 	+1.16381e-03 	+6.97963e+00 	-6.14488e-02 	+6.97963e+00 	-6.14488e-02 	+6.97963e+00 	-6.14488e-02 	
+2.90000e+00 	-4.96840e+00 	-4.71953e-02 	-4.96840e+00 	-4.71953e-02 	-5.97256e+00 	-5.65477e-02 	-5.97256e+00 	-5.65477e-02 	+5.97256e+00 	-5.65477e-02 	-1.98996e+00 	+1.78813e-04 	+6.97750e+00 	-6.32409e-02 	+6.97750e+00 	-6.32409e-02 	+6.97750e+00 	-6.32409e-02 	
+3.00000e+00 	-4.96719e+00 	-4.71151e-02 	-4.96719e+00 	-4.71151e-02 	-5.97115e+00 	-5.70925e-02 	-5.97115e+00 	-5.70925e-02 	+5.97115e+00 	-5.70925e-02 	-1.98981e+00 	-3.71230e-04 	+6.97550e+00 	-6.44168e-02 	+6.97550e+00 	-6.44168e-02 	+6.97550e+00 	-6.44168e-02 	
+3.10000e+00 	-4.97230e+00 	-5.48767e-02 	-4.97230e+00 	-5.48767e-02 	-5.96978e+00 	-5.74736e-02 	-5.96978e+00 	-5.74736e-02 	+5.96978e+00 	-5.74736e-02 	-1.98966e+00 	-5.51976e-04 	+6.97367e+00 	-6.52889e-02 	+6.97367e+00 	-6.52889e-02 	+6.97367e+00 	-6.52889e-02 	
+3.20000e+00 	-4.97302e+00 	-5.53958e-02 	-4.97302e+00 	-5.53958e-02 	-5.96847e+00 	-5.76729e-02 	-5.96847e+00 	-5.76729e-02 	+5.96847e+00 	-5.76729e-02 	-1.98944e+00 	-5.13810e-04 	+6.97193e+00 	-6.59311e-02 	+6.97193e+00 	-6.59311e-02 	+6.97193e+00 	-6.59311e-02 	
+3.30000e+00 	-4.96660e+00 	-4.27074e-02 	-4.96660e+00 	-4.27074e-02 	-5.96722e+00 	-5.76537e-02 	-5.96722e+00 	-5.76537e-02 	+5.96722e+00 	-5.76537e-02 	-1.98916e+00 	-3.72752e-04 	+6.97028e+00 	-6.63526e-02 	+6.97028e+00 	-6.63526e-02 	+6.97028e+00 	-6.63526e-02 	
+3.40000e+00 	-4.96378e+00 	-3.34756e-02 	-4.96378e+00 	-3.34756e-02 	-5.96603e+00 	-5.73339e-02 	-5.96603e+00 	-5.73339e-02 	+5.96603e+00 	-5.73339e-02 	-1.98882e+00 	-2.01267e-04 	+6.96871e+00 	-6.65485e-02 	+6.96871e+00 	-6.65485e-02 	+6.96871e+00 	-6.65485e-02 	
+3.50000e+00 	-4.95737e+00 	-2.78292e-02 	-4.95737e+00 	-2.78292e-02 	-5.96493e+00 	-5.65423e-02 	-5.96493e+00 	-5.65423e-02 	+5.96493e+00 	-5.65423e-02 	-1.98843e+00 	-4.16136e-05 	+6.96724e+00 	-6.65194e-02 	+6.96724e+00 	-6.65194e-02 	+6.96724e+00 	-6.65194e-02 	
+3.60000e+00 	-4.95063e+00 	-2.34281e-02 	-4.95063e+00 	-2.34281e-02 	-5.96396e+00 	-5.49211e-02 	-5.96396e+00 	-5.49211e-02 	+5.96396e+00 	-5.49211e-02 	-1.98801e+00 	+8.45618e-05 	+6.96588e+00 	-6.62739e-02 	+6.96588e+00 	-6.62739e-02 	+6.96588e+00 	-6.62739e-02 	
+3.70000e+00 	-4.94376e+00 	-1.99244e-02 	-4.94376e+00 	-1.99244e-02 	-5.96286e+00 	-5.16909e-02 	-5.96286e+00 	-5.16909e-02 	+5.96286e+00 	-5.16908e-02 	-1.98756e+00 	+1.69167e-04 	+6.96462e+00 	-6.58089e-02 	+6.96462e+00 	-6.58089e-02 	+6.96462e+00 	-6.58089e-02 	
+3.80000e+00 	-4.93692e+00 	-1.72200e-02 	-4.93692e+00 	-1.72200e-02 	-5.95998e+00 	-4.66521e-02 	-5.95998e+00 	-4.66521e-02 	+5.95998e+00 	-4.66521e-02 	-1.98708e+00 	+2.13620e-04 	+6.96341e+00 	-6.50860e-02 	+6.96341e+00 	-6.50860e-02 	+6.96341e+00 	-6.50860e-02 	
+3.90000e+00 	-4.93023e+00 	-1.52472e-02 	-4.93023e+00 	-1.52472e-02 	-5.95497e+00 	-4.17680e-02 	-5.95497e+00 	-4.17680e-02 	+5.95497e+00 	-4.17679e-02 	-1.98656e+00 	+2.24386e-04 	+6.96219e+00 	-6.40147e-02 	+6.96219e+00 	-6.40147e-02 	+6.96219e+00 	-6.40147e-02 	
+4.00000e+00 	-4.92376e+00 	-1.39276e-02 	-4.92376e+00 	-1.39276e-02 	-5.94901e+00 	-3.76131e-02 	-5.94901e+00 	-3.76131e-02 	+5.94901e+00 	-3.76130e-02 	-1.98603e+00 	+2.10886e-04 	+6.96082e+00 	-6.24406e-02 	+6.96082e+00 	-6.24406e-02 	+6.96082e+00 	-6.24406e-02 	
+4.10000e+00 	-4.91753e+00 	-1.31651e-02 	-4.91753e+00 	-1.31651e-02 	-5.94263e+00 	-3.41388e-02 	-5.94263e+00 	-3.41388e-02 	+5.94263e+00 	-3.41388e-02 	-1.98547e+00 	+1.82658e-04 	+6.95903e+00 	-6.01766e-02 	+6.95903e+00 	-6.01766e-02 	+6.95903e+00 	-6.01766e-02 	
+4.20000e+00 	-4.91157e+00 	-1.28487e-02 	-4.91157e+00 	-1.28487e-02 	-5.93611e+00 	-3.13241e-02 	-5.93611e+00 	-3.13241e-02 	+5.93611e+00 	-3.13242e-02 	-1.98490e+00 	+1.48249e-04 	+6.95630e+00 	-5.72045e-02 	+6.95630e+00 	-5.72045e-02 	+6.95630e+00 	-5.72045e-02 	
+4.30000e+00 	-4.90584e+00 	-1.28593e-02 	-4.90584e+00 	-1.28593e-02 	-5.92958e+00 	-2.91530e-02 	-5.92958e+00 	-2.91530e-02 	+5.92958e+00 	-2.91529e-02 	-1.98432e+00 	+1.14633e-04 	+6.95229e+00 	-5.38953e-02 	+6.95229e+00 	-5.38953e-02 	+6.95229e+00 	-5.38953e-02 	
+4.40000e+00 	-4.90035e+00 	-1.30822e-02 	-4.90035e+00 	-1.30822e-02 	-5.92312e+00 	-2.75868e-02 	-5.92312e+00 	-2.75868e-02 	+5.92312e+00 	-2.75868e-02 	-1.98372e+00 	+8.57632e-05 	+6.94713e+00 	-5.06670e-02 	+6.94713e+00 	-5.06670e-02 	+6.94713e+00 	-5.06670e-02 	
+4.50000e+00 	-4.89508e+00 	-1.34126e-02 	-4.89508e+00 	-1.34126e-02 	-5.91678e+00 	-2.65620e-02 	-5.91678e+00 	-2.65620e-02 	+5.91678e+00 	-2.65622e-02 	-1.98311e+00 	+6.41761e-05 	+6.94121e+00 	-4.76881e-02 	+6.94121e+00 	-4.76881e-02 	+6.94121e+00 	-4.76881e-02 	
+4.60000e+00 	-4.89002e+00 	-1.37683e-02 	-4.89002e+00 	-1.37683e-02 	-5.91058e+00 	-2.59958e-02 	-5.91058e+00 	-2.59958e-02 	+5.91058e+00 	-2.59957e-02 	-1.98249e+00 	+4.98709e-05 	+6.93490e+00 	-4.50246e-02 	+6.93490e+00 	-4.50246e-02 	+6.93490e+00 	-4.50246e-02 	
+4.70000e+00 	-4.88516e+00 	-1.40812e-02 	-4.88516e+00 	-1.40812e-02 	-5.90453e+00 	-2.57950e-02 	-5.90453e+00 	-2.57950e-02 	+5.90453e+00 	-2.57948e-02 	-1.98185e+00 	+4.21819e-05 	+6.92847e+00 	-4.27471e-02 	+6.92847e+00 	-4.27471e-02 	+6.92847e+00 	-4.27471e-02 	
+4.80000e+00 	-4.88049e+00 	-1.43001e-02 	-4.88049e+00 	-1.43001e-02 	-5.89865e+00 	-2.58662e-02 	-5.89865e+00 	-2.58662e-02 	+5.89865e+00 	-2.58668e-02 	-1.98120e+00 	+3.91915e-05 	+6.92205e+00 	-4.09155e-02 	+6.92205e+00 	-4.09155e-02 	+6.92205e+00 	-4.09155e-02 	
+4.90000e+00 	-4.87601e+00 	-1.43812e-02 	-4.87601e+00 	-1.43812e-02 	-5.89295e+00 	-2.61282e-02 	-5.89295e+00 	-2.61282e-02 	+5.89295e+00 	-2.61285e-02 	-1.98054e+00 	+3.92367e-05 	+6.91569e+00 	-3.95484e-02 	+6.91569e+00 	-3.95484e-02 	+6.91569e+00 	-3.95484e-02 	
+5.00000e+00 	-4.87171e+00 	-1.42913e-02 	-4.87171e+00 	-1.42913e-02 	-5.88743e+00 	-2.65127e-02 	-5.88743e+00 	-2.65127e-02 	+5.88743e+00 	-2.65128e-02 	-1.97986e+00 	+4.06921e-05 	+6.90943e+00 	-3.86215e-02 	+6.90943e+00 	-3.86215e-02 	+6.90943e+00 	-3.86215e-02 	
+5.10000e+00 	-4.86756e+00 	-1.39937e-02 	-4.86756e+00 	-1.39937e-02 	-5.88211e+00 	-2.69706e-02 	-5.88211e+00 	-2.69706e-02 	+5.88211e+00 	-2.69706e-02 	-1.97917e+00 	+4.25572e-05 	+6.90326e+00 	-3.80812e-02 	+6.90326e+00 	-3.80812e-02 	+6.90326e+00 	-3.80812e-02 	
+5.20000e+00 	-4.86358e+00 	-1.34516e-02 	-4.86358e+00 	-1.34516e-02 	-5.87697e+00 	-2.74668e-02 	-5.87697e+00 	-2.74668e-02 	+5.87697e+00 	-2.74665e-02 	-1.97846e+00 	+4.37255e-05 	+6.89721e+00 	-3.78574e-02 	+6.89721e+00 	-3.78574e-02 	+6.89721e+00 	-3.78574e-02 	
+5.30000e+00 	-4.85975e+00 	-1.26166e-02 	-4.85975e+00 	-1.26166e-02 	-5.87201e+00 	-2.79786e-02 	-5.87201e+00 	-2.79786e-02 	+5.87201e+00 	-2.79781e-02 	-1.97774e+00 	+4.40799e-05 	+6.89128e+00 	-3.78770e-02 	+6.89128e+00 	-3.78770e-02 	+6.89128e+00 	-3.78770e-02 	
+5.40000e+00 	-4.85608e+00 	-1.14285e-02 	-4.85608e+00 	-1.14285e-02 	-5.86722e+00 	-2.84896e-02 	-5.86722e+00 	-2.84896e-02 	+5.86722e+00 	-2.84893e-02 	-1.97701e+00 	+4.33369e-05 	+6.88548e+00 	-3.80743e-02 	+6.88548e+00 	-3.80743e-02 	+6.88548e+00 	-3.80743e-02 	
+5.50000e+00 	-4.85259e+00 	-9.80490e-03 	-4.85259e+00 	-9.80490e-03 	-5.86259e+00 	-2.89899e-02 	-5.86259e+00 	-2.89899e-02 	+5.86259e+00 	-2.89896e-02 	-1.97626e+00 	+4.19206e-05 	+6.87983e+00 	-3.83965e-02 	+6.87983e+00 	-3.83965e-02 	+6.87983e+00 	-3.83965e-02 	
+5.60000e+00 	-4.84931e+00 	-7.62296e-03 	-4.84931e+00 	-7.62296e-03 	-5.85810e+00 	-2.94742e-02 	-5.85810e+00 	-2.94742e-02 	+5.85810e+00 	-2.94742e-02 	-1.97550e+00 	+3.99708e-05 	+6.87434e+00 	-3.88073e-02 	+6.87434e+00 	-3.88073e-02 	+6.87434e+00 	-3.88073e-02 	
+5.70000e+00 	-4.84631e+00 	-4.70683e-03 	-4.84631e+00 	-4.70683e-03 	-5.85374e+00 	-2.99374e-02 	-5.85374e+00 	-2.99374e-02 	+5.85374e+00 	-2.99374e-02 	-1.97472e+00 	+3.77061e-05 	+6.86902e+00 	-3.92823e-02 	+6.86902e+00 	-3.92823e-02 	+6.86902e+00 	-3.92823e-02 	
+5.80000e+00 	-4.84374e+00 	-7.83879e-04 	-4.84374e+00 	-7.83879e-04 	-5.84948e+00 	-3.03769e-02 	-5.84948e+00 	-3.03769e-02 	+5.84948e+00 	-3.03769e-02 	-1.97393e+00 	+3.54774e-05 	+6.86387e+00 	-3.98075e-02 	+6.86387e+00 	-3.98075e-02 	+6.86387e+00 	-3.98075e-02 	
+5.90000e+00 	-4.84191e+00 	+4.57123e-03 	-4.84191e+00 	+4.57123e-03 	-5.84533e+00 	-3.07904e-02 	-5.84533e+00 	-3.07904e-02 	+5.84533e+00 	-3.07903e-02 	-1.97313e+00 	+3.33522e-05 	+6.85889e+00 	-4.03736e-02 	+6.85889e+00 	-4.03736e-02 	+6.85889e+00 	-4.03736e-02 	
+6.00000e+00 	-4.84158e+00 	+1.19676e-02 	-4.84158e+00 	+1.19676e-02 	-5.84126e+00 	-3.11742e-02 	-5.84126e+00 	-3.11742e-02 	+5.84126e+00 	-3.11744e-02 	-1.97232e+00 	+3.14972e-05 	+6.85405e+00 	-4.09752e-02 	+6.85405e+00 	-4.09752e-02 	+6.85405e+00 	-4.09752e-02 	
+6.10000e+00 	-4.84451e+00 	+2.19595e-02 	-4.84451e+00 	+2.19595e-02 	-5.83726e+00 	-3.15264e-02 	-5.83726e+00 	-3.15264e-02 	+5.83726e+00 	-3.15262e-02 	-1.97149e+00 	+2.98554e-05 	+6.84936e+00 	-4.16089e-02 	+6.84936e+00 	-4.16089e-02 	+6.84936e+00 	-4.16089e-02 	
+6.20000e+00 	-4.85383e+00 	+3.35386e-02 	-4.85383e+00 	+3.35386e-02 	-5.83333e+00 	-3.18412e-02 	-5.83333e+00 	-3.18412e-02 	+5.83333e+00 	-3.18412e-02 	-1.97065e+00 	+2.84052e-05 	+6.84480e+00 	-4.22720e-02 	+6.84480e+00 	-4.22720e-02 	+6.84480e+00 	-4.22720e-02 	
+6.30000e+00 	-4.87144e+00 	+4.26984e-02 	-4.87144e+00 	+4.26984e-02 	-5.82945e+00 	-3.21144e-02 	-5.82945e+00 	-3.21144e-02 	+5.82945e+00 	-3.21145e-02 	-1.96980e+00 	+2.72260e-05 	+6.84035e+00 	-4.29625e-02 	+6.84035e+00 	-4.29625e-02 	+6.84035e+00 	-4.29625e-02 	
+6.40000e+00 	-4.89599e+00 	+4.61730e-02 	-4.89599e+00 	+4.61730e-02 	-5.82562e+00 	-3.23386e-02 	-5.82562e+00 	-3.23386e-02 	+5.82562e+00 	-3.23389e-02 	-1.96893e+00 	+2.61537e-05 	+6.83601e+00 	-4.36792e-02 	+6.83601e+00 	-4.36792e-02 	+6.83601e+00 	-4.36792e-02 	
+6.50000e+00 	-4.92645e+00 	+4.38966e-02 	-4.92645e+00 	+4.38966e-02 	-5.82183e+00 	-3.25061e-02 	-5.82183e+00 	-3.25061e-02 	+5.82183e+00 	-3.25057e-02 	-1.96805e+00 	+2.52022e-05 	+6.83175e+00 	-4.44204e-02 	+6.83175e+00 	-4.44204e-02 	+6.83175e+00 	-4.44204e-02 	
+6.60000e+00 	-4.96339e+00 	+3.88801e-02 	-4.96339e+00 	+3.88801e-02 	-5.81808e+00 	-3.26063e-02 	-5.81808e+00 	-3.26063e-02 	+5.81808e+00 	-3.26064e-02 	-1.96716e+00 	+2.43388e-05 	+6.82758e+00 	-4.51840e-02 	+6.82758e+00 	-4.51840e-02 	+6.82758e+00 	-4.51840e-02 	
+6.70000e+00 	-5.00481e+00 	+3.58003e-02 	-5.00481e+00 	+3.58003e-02 	-5.81437e+00 	-3.26278e-02 	-5.81437e+00 	-3.26278e-02 	+5.81437e+00 	-3.26281e-02 	-1.96626e+00 	+2.35279e-05 	+6.82347e+00 	-4.59684e-02 	+6.82347e+00 	-4.59684e-02 	+6.82347e+00 	-4.59684e-02 	
+6.80000e+00 	-5.04595e+00 	+3.65151e-02 	-5.04595e+00 	+3.65151e-02 	-5.81068e+00 	-3.25578e-02 	-5.81068e+00 	-3.25578e-02 	+5.81068e+00 	-3.25578e-02 	-1.96535e+00 	+2.27459e-05 	+6.81943e+00 	-4.67711e-02 	+6.81943e+00 	-4.67711e-02 	+6.81943e+00 	-4.67711e-02 	
+6.90000e+00 	-5.08328e+00 	+3.90189e-02 	-5.08328e+00 	+3.90189e-02 	-5.80703e+00 	-3.23800e-02 	-5.80703e+00 	-3.23800e-02 	+5.80703e+00 	-3.23799e-02 	-1.96442e+00 	+2.19743e-05 	+6.81544e+00 	-4.75905e-02 	+6.81544e+00 	-4.75905e-02 	+6.81544e+00 	-4.75905e-02 	
+7.00000e+00 	-5.11562e+00 	+4.02565e-02 	-5.11562e+00 	+4.02565e-02 	-5.80340e+00 	-3.20763e-02 	-5.80340e+00 	-3.20763e-02 	+5.80340e+00 	-3.20763e-02 	-1.96349e+00 	+2.12276e-05 	+6.81150e+00 	-4.84234e-02 	+6.81150e+00 	-4.84234e-02 	+6.81150e+00 	-4.84234e-02 	
+7.10000e+00 	-5.14389e+00 	+3.82088e-02 	-5.14389e+00 	+3.82088e-02 	-5.79981e+00 	-3.16238e-02 	-5.79981e+00 	-3.16238e-02 	+5.79981e+00 	-3.16241e-02 	-1.96254e+00 	+2.05267e-05 	+6.80761e+00 	-4.92679e-02 	+6.80761e+00 	-4.92679e-02 	+6.80761e+00 	-4.92679e-02 	
+7.20000e+00 	-5.16848e+00 	+3.24182e-02 	-5.16848e+00 	+3.24182e-02 	-5.79624e+00 	-3.09974e-02 	-5.79624e+00 	-3.09974e-02 	+5.79624e+00 	-3.09970e-02 	-1.96158e+00 	+1.98445e-05 	+6.80375e+00 	-5.01212e-02 	+6.80375e+00 	-5.01212e-02 	+6.80375e+00 	-5.01212e-02 	
+7.30000e+00 	-5.18883e+00 	+2.31679e-02 	-5.18883e+00 	+2.31679e-02 	-5.79271e+00 	-3.01621e-02 	-5.79271e+00 	-3.01621e-02 	+5.79271e+00 	-3.01620e-02 	-1.96060e+00 	+1.92030e-05 	+6.79992e+00 	-5.09807e-02 	+6.79992e+00 	-5.09807e-02 	+6.79992e+00 	-5.09807e-02 	
+7.40000e+00 	-5.20417e+00 	+1.18758e-02 	-5.20417e+00 	+1.18758e-02 	-5.78922e+00 	-2.90775e-02 	-5.78922e+00 	-2.90775e-02 	+5.78922e+00 	-2.90775e-02 	-1.95962e+00 	+1.85465e-05 	+6.79612e+00 	-5.18439e-02 	+6.79612e+00 	-5.18439e-02 	+6.79612e+00 	-5.18439e-02 	
+7.50000e+00 	-5.21487e+00 	+7.25033e-04 	-5.21487e+00 	+7.25033e-04 	-5.78579e+00 	-2.76911e-02 	-5.78579e+00 	-2.76911e-02 	+5.78579e+00 	-2.76912e-02 	-1.95863e+00 	+1.79532e-05 	+6.79234e+00 	-5.27084e-02 	+6.79234e+00 	-5.27084e-02 	+6.79234e+00 	-5.27084e-02 	
+7.60000e+00 	-5.22250e+00 	-9.00419e-03 	-5.22250e+00 	-9.00419e-03 	-5.78242e+00 	-2.59325e-02 	-5.78242e+00 	-2.59325e-02 	+5.78242e+00 	-2.59328e-02 	-1.95762e+00 	+1.74107e-05 	+6.78859e+00 	-5.35715e-02 	+6.78859e+00 	-5.35715e-02 	+6.78859e+00 	-5.35715e-02 	
+7.70000e+00 	-5.22843e+00 	-1.72045e-02 	-5.22843e+00 	-1.72045e-02 	-5.77916e+00 	-2.37097e-02 	-5.77916e+00 	-2.37097e-02 	+5.77916e+00 	-2.37096e-02 	-1.95660e+00 	+1.68693e-05 	+6.78485e+00 	-5.44309e-02 	+6.78485e+00 	-5.44309e-02 	+6.78485e+00 	-5.44309e-02 	
+7.80000e+00 	-5.23346e+00 	-2.41782e-02 	-5.23346e+00 	-2.41782e-02 	-5.77605e+00 	-2.08950e-02 	-5.77605e+00 	-2.08950e-02 	+5.77605e+00 	-2.08948e-02 	-1.95558e+00 	+1.63305e-05 	+6.78113e+00 	-5.52843e-02 	+6.78113e+00 	-5.52843e-02 	+6.78113e+00 	-5.52843e-02 	
+7.90000e+00 	-5.23799e+00 	-3.02354e-02 	-5.23799e+00 	-3.02354e-02 	-5.77318e+00 	-1.73106e-02 	-5.77318e+00 	-1.73106e-02 	+5.77318e+00 	-1.73103e-02 	-1.95454e+00 	+1.58759e-05 	+6.77743e+00 	-5.61294e-02 	+6.77743e+00 	-5.61294e-02 	+6.77743e+00 	-5.61294e-02 	
+8.00000e+00 	-5.24221e+00 	-3.56088e-02 	-5.24221e+00 	-3.56088e-02 	-5.77073e+00 	-1.27066e-02 	-5.77073e+00 	-1.27066e-02 	+5.77073e+00 	-1.27063e-02 	-1.95349e+00 	+1.54019e-05 	+6.77373e+00 	-5.69636e-02 	+6.77373e+00 	-5.69636e-02 	+6.77373e+00 	-5.69636e-02 	
+8.10000e+00 	-5.24623e+00 	-4.04645e-02 	-5.24623e+00 	-4.04645e-02 	-5.76905e+00 	-6.74852e-03 	-5.76905e+00 	-6.74852e-03 	+5.76905e+00 	-6.74861e-03 	-1.95243e+00 	+1.49476e-05 	+6.77005e+00 	-5.77847e-02 	+6.77005e+00 	-5.77847e-02 	+6.77005e+00 	-5.77847e-02 	
+8.20000e+00 	-5.25012e+00 	-4.49183e-02 	-5.25012e+00 	-4.49183e-02 	-5.76887e+00 	+9.14475e-04 	-5.76887e+00 	+9.14475e-04 	+5.76887e+00 	+9.15325e-04 	-1.95136e+00 	+1.45361e-05 	+6.76638e+00 	-5.85902e-02 	+6.76638e+00 	-5.85902e-02 	+6.76638e+00 	-5.85902e-02 	
+8.30000e+00 	-5.25391e+00 	-4.90556e-02 	-5.25391e+00 	-4.90556e-02 	-5.77151e+00 	+1.02855e-02 	-5.77151e+00 	+1.02855e-02 	+5.77151e+00 	+1.02855e-02 	-1.95028e+00 	+1.41083e-05 	+6.76271e+00 	-5.93780e-02 	+6.76271e+00 	-5.93780e-02 	+6.76271e+00 	-5.93780e-02 	
+8.40000e+00 	-5.25763e+00 	-5.29387e-02 	-5.25763e+00 	-5.29387e-02 	-5.77851e+00 	+2.02174e-02 	-5.77851e+00 	+2.02174e-02 	+5.77851e+00 	+2.02176e-02 	-1.94919e+00 	+1.36945e-05 	+6.75905e+00 	-6.01451e-02 	+6.75905e+00 	-6.01451e-02 	+6.75905e+00 	-6.01451e-02 	
+8.50000e+00 	-5.26130e+00 	-5.66142e-02 	-5.26130e+00 	-5.66142e-02 	-5.79025e+00 	+2.85461e-02 	-5.79025e+00 	+2.85461e-02 	+5.79025e+00 	+2.85453e-02 	-1.94808e+00 	+1.33419e-05 	+6.75540e+00 	-6.08895e-02 	+6.75540e+00 	-6.08895e-02 	+6.75540e+00 	-6.08895e-02 	
+8.60000e+00 	-5.26492e+00 	-6.01170e-02 	-5.26492e+00 	-6.01170e-02 	-5.80571e+00 	+3.37982e-02 	-5.80571e+00 	+3.37982e-02 	+5.80571e+00 	+3.38032e-02 	-1.94697e+00 	+1.29621e-05 	+6.75175e+00 	-6.16081e-02 	+6.75175e+00 	-6.16081e-02 	+6.75175e+00 	-6.16081e-02 	
+8.70000e+00 	-5.26851e+00 	-6.34762e-02 	-5.26851e+00 	-6.34762e-02 	-5.82389e+00 	+3.57671e-02 	-5.82389e+00 	+3.57671e-02 	+5.82389e+00 	+3.57671e-02 	-1.94585e+00 	+1.26279e-05 	+6.74810e+00 	-6.22984e-02 	+6.74810e+00 	-6.22984e-02 	+6.74810e+00 	-6.22984e-02 	
+8.80000e+00 	-5.27207e+00 	-6.67133e-02 	-5.27207e+00 	-6.67133e-02 	-5.84442e+00 	+3.48553e-02 	-5.84442e+00 	+3.48553e-02 	+5.84442e+00 	+3.48557e-02 	-1.94472e+00 	+1.22976e-05 	+6.74446e+00 	-6.29571e-02 	+6.74446e+00 	-6.29571e-02 	+6.74446e+00 	-6.29571e-02 	
+8.90000e+00 	-5.27560e+00 	-6.98463e-02 	-5.27560e+00 	-6.98463e-02 	-5.86735e+00 	+3.17907e-02 	-5.86735e+00 	+3.17907e-02 	+5.86734e+00 	+3.17891e-02 	-1.94358e+00 	+1.19809e-05 	+6.74082e+00 	-6.35814e-02 	+6.74082e+00 	-6.35814e-02 	+6.74082e+00 	-6.35814e-02 	
+9.00000e+00 	-5.27911e+00 	-7.28887e-02 	-5.27911e+00 	-7.28887e-02 	-5.89285e+00 	+2.76073e-02 	-5.89285e+00 	+2.76073e-02 	+5.89285e+00 	+2.76083e-02 	-1.94242e+00 	+1.16794e-05 	+6.73718e+00 	-6.41679e-02 	+6.73718e+00 	-6.41679e-02 	+6.73718e+00 	-6.41679e-02 	
+9.10000e+00 	-5.28261e+00 	-7.58537e-02 	-5.28261e+00 	-7.58537e-02 	-5.92073e+00 	+2.38070e-02 	-5.92073e+00 	+2.38070e-02 	+5.92073e+00 	+2.38046e-02 	-1.94126e+00 	+1.13802e-05 	+6.73353e+00 	-6.47127e-02 	+6.73353e+00 	-6.47127e-02 	+6.73353e+00 	-6.47127e-02 	
+9.20000e+00 	-5.28608e+00 	-7.87506e-02 	-5.28608e+00 	-7.87506e-02 	-5.94951e+00 	+2.13595e-02 	-5.94951e+00 	+2.13595e-02 	+5.94950e+00 	+2.13661e-02 	-1.94009e+00 	+1.11031e-05 	+6.72989e+00 	-6.52124e-02 	+6.72989e+00 	-6.52124e-02 	+6.72989e+00 	-6.52124e-02 	
+9.30000e+00 	-5.28954e+00 	-8.15877e-02 	-5.28954e+00 	-8.15877e-02 	-5.97826e+00 	+1.96861e-02 	-5.97826e+00 	+1.96861e-02 	+5.97825e+00 	+1.96886e-02 	-1.93891e+00 	+1.08286e-05 	+6.72625e+00 	-6.56624e-02 	+6.72625e+00 	-6.56624e-02 	+6.72625e+00 	-6.56624e-02 	
+9.40000e+00 	-5.29299e+00 	-8.43723e-02 	-5.29299e+00 	-8.43723e-02 	-6.00707e+00 	+1.87496e-02 	-6.00707e+00 	+1.87496e-02 	+6.00707e+00 	+1.87576e-02 	-1.93772e+00 	+1.05581e-05 	+6.72260e+00 	-6.60579e-02 	+6.72260e+00 	-6.60579e-02 	+6.72260e+00 	-6.60579e-02 	
+9.50000e+00 	-5.29642e+00 	-8.71103e-02 	-5.29642e+00 	-8.71103e-02 	-6.03534e+00 	+1.87802e-02 	-6.03534e+00 	+1.87802e-02 	+6.03534e+00 	+1.87757e-02 	-1.93652e+00 	+1.02937e-05 	+6.71895e+00 	-6.63939e-02 	+6.71895e+00 	-6.63939e-02 	+6.71895e+00 	-6.63939e-02 	
+9.60000e+00 	-5.29985e+00 	-8.98070e-02 	-5.29985e+00 	-8.98070e-02 	-6.06278e+00 	+1.91687e-02 	-6.06278e+00 	+1.91687e-02 	+6.06278e+00 	+1.91651e-02 	-1.93531e+00 	+1.00509e-05 	+6.71529e+00 	-6.66642e-02 	+6.71529e+00 	-6.66642e-02 	+6.71529e+00 	-6.66642e-02 	
+9.70000e+00 	-5.30326e+00 	-9.24666e-02 	-5.30326e+00 	-9.24666e-02 	-6.08971e+00 	+1.99229e-02 	-6.08971e+00 	+1.99229e-02 	+6.08972e+00 	+1.99263e-02 	-1.93409e+00 	+9.82793e-06 	+6.71163e+00 	-6.68629e-02 	+6.71163e+00 	-6.68629e-02 	+6.71163e+00 	-6.68629e-02 	
+9.80000e+00 	-5.30666e+00 	-9.50930e-02 	-5.30666e+00 	-9.50930e-02 	-6.11579e+00 	+2.14179e-02 	-6.11579e+00 	+2.14179e-02 	+6.11579e+00 	+2.14212e-02 	-1.93286e+00 	+9.58786e-06 	+6.70796e+00 	-6.69817e-02 	+6.70796e+00 	-6.69817e-02 	+6.70796e+00 	-6.69817e-02 	
+9.90000e+00 	-5.31005e+00 	-9.76900e-02 	-5.31005e+00 	-9.76900e-02 	-6.14039e+00 	+2.33244e-02 	-6.14039e+00 	+2.33244e-02 	+6.14039e+00 	+2.33251e-02 	-1.93163e+00 	+9.35855e-06 	+6.70428e+00 	-6.70127e-02 	+6.70428e+00 	-6.70127e-02 	+6.70428e+00 	-6.70127e-02 	
+1.00000e+01 	-5.31344e+00 	-1.00260e-01 	-5.31344e+00 	-1.00260e-01 	-6.16348e+00 	+2.50586e-02 	-6.16348e+00 	+2.50586e-02 	+6.16348e+00 	+2.50589e-02 	-1.93038e+00 	+9.14853e-06 	+6.70060e+00 	-6.69458e-02 	+6.70060e+00 	-6.69458e-02 	+6.70060e+00 	-6.69458e-02 	
+1.01000e+01 	-5.31682e+00 	-1.02806e-01 	-5.31682e+00 	-1.02806e-01 	-6.18519e+00 	+2.63037e-02 	-6.18519e+00 	+2.63037e-02 	+6.18519e+00 	+2.63083e-02 	-1.92913e+00 	+8.93983e-06 	+6.69690e+00 	-6.67696e-02 	+6.69690e+00 	-6.67696e-02 	+6.69690e+00 	-6.67696e-02 	
+1.02000e+01 	-5.32019e+00 	-1.05331e-01 	-5.32019e+00 	-1.05331e-01 	-6.20566e+00 	+2.68598e-02 	-6.20566e+00 	+2.68598e-02 	+6.20566e+00 	+2.68568e-02 	-1.92786e+00 	+8.73733e-06 	+6.69318e+00 	-6.64707e-02 	+6.69318e+00 	-6.64707e-02 	+6.69318e+00 	-6.64707e-02 	
+1.03000e+01 	-5.32355e+00 	-1.07835e-01 	-5.32355e+00 	-1.07835e-01 	-6.22502e+00 	+2.65281e-02 	-6.22502e+00 	+2.65281e-02 	+6.22502e+00 	+2.65300e-02 	-1.92659e+00 	+8.55285e-06 	+6.68945e+00 	-6.60332e-02 	+6.68945e+00 	-6.60332e-02 	+6.68945e+00 	-6.60332e-02 	
+1.04000e+01 	-5.32690e+00 	-1.10321e-01 	-5.32690e+00 	-1.10321e-01 	-6.24341e+00 	+2.51787e-02 	-6.24341e+00 	+2.51787e-02 	+6.24341e+00 	+2.51808e-02 	-1.92531e+00 	+8.35000e-06 	+6.68570e+00 	-6.54381e-02 	+6.68570e+00 	-6.54381e-02 	+6.68570e+00 	-6.54381e-02 	
+1.05000e+01 	-5.33025e+00 	-1.12791e-01 	-5.33025e+00 	-1.12791e-01 	-6.26093e+00 	+2.26950e-02 	-6.26093e+00 	+2.26950e-02 	+6.26093e+00 	+2.26970e-02 	-1.92402e+00 	+8.15357e-06 	+6.68193e+00 	-6.46630e-02 	+6.68193e+00 	-6.46630e-02 	+6.68193e+00 	-6.46630e-02 	
+1.06000e+01 	-5.33360e+00 	-1.15245e-01 	-5.33360e+00 	-1.15245e-01 	-6.27766e+00 	+1.89957e-02 	-6.27766e+00 	+1.89957e-02 	+6.27766e+00 	+1.89985e-02 	-1.92272e+00 	+8.00290e-06 	+6.67814e+00 	-6.36797e-02 	+6.67814e+00 	-6.36797e-02 	+6.67814e+00 	-6.36797e-02 	
+1.07000e+01 	-5.33693e+00 	-1.17685e-01 	-5.33693e+00 	-1.17685e-01 	-6.29357e+00 	+1.39913e-02 	-6.29357e+00 	+1.39913e-02 	+6.29357e+00 	+1.39925e-02 	-1.92142e+00 	+7.83029e-06 	+6.67432e+00 	-6.24533e-02 	+6.67432e+00 	-6.24533e-02 	+6.67432e+00 	-6.24533e-02 	
+1.08000e+01 	-5.34026e+00 	-1.20111e-01 	-5.34026e+00 	-1.20111e-01 	-6.30855e+00 	+7.59249e-03 	-6.30855e+00 	+7.59249e-03 	+6.30855e+00 	+7.59164e-03 	-1.92010e+00 	+7.65001e-06 	+6.67048e+00 	-6.09412e-02 	+6.67048e+00 	-6.09412e-02 	+6.67048e+00 	-6.09412e-02 	
+1.09000e+01 	-5.34358e+00 	-1.22525e-01 	-5.34358e+00 	-1.22525e-01 	-6.32231e+00 	-2.49998e-04 	-6.32231e+00 	-2.49998e-04 	+6.32231e+00 	-2.48088e-04 	-1.91878e+00 	+7.50111e-06 	+6.66660e+00 	-5.90855e-02 	+6.66660e+00 	-5.90855e-02 	+6.66660e+00 	-5.90855e-02 	
+1.10000e+01 	-5.34690e+00 	-1.24927e-01 	-5.34690e+00 	-1.24927e-01 	-6.33441e+00 	-9.40554e-03 	-6.33441e+00 	-9.40554e-03 	+6.33442e+00 	-9.40558e-03 	-1.91745e+00 	+7.32713e-06 	+6.66269e+00 	-5.68099e-02 	+6.66269e+00 	-5.68099e-02 	+6.66269e+00 	-5.68099e-02 	
+1.11000e+01 	-5.35020e+00 	-1.27319e-01 	-5.35020e+00 	-1.27319e-01 	-6.34438e+00 	-1.93768e-02 	-6.34438e+00 	-1.93768e-02 	+6.34438e+00 	-1.93764e-02 	-1.91611e+00 	+7.18716e-06 	+6.65875e+00 	-5.40080e-02 	+6.65875e+00 	-5.40080e-02 	+6.65875e+00 	-5.40080e-02 	
+1.12000e+01 	-5.35349e+00 	-1.29703e-01 	-5.35349e+00 	-1.29703e-01 	-6.35211e+00 	-2.93180e-02 	-6.35211e+00 	-2.93180e-02 	+6.35211e+00 	-2.93165e-02 	-1.91477e+00 	+7.04113e-06 	+6.65481e+00 	-5.05269e-02 	+6.65481e+00 	-5.05269e-02 	+6.65481e+00 	-5.05269e-02 	
+1.13000e+01 	-5.35677e+00 	-1.32080e-01 	-5.35677e+00 	-1.32080e-01 	-6.35807e+00 	-3.85131e-02 	-6.35807e+00 	-3.85131e-02 	+6.35807e+00 	-3.85131e-02 	-1.91341e+00 	+6.89652e-06 	+6.65092e+00 	-4.61394e-02 	+6.65092e+00 	-4.61394e-02 	+6.65092e+00 	-4.61394e-02 	
+1.14000e+01 	-5.36004e+00 	-1.34455e-01 	-5.36004e+00 	-1.34455e-01 	-6.36291e+00 	-4.67221e-02 	-6.36291e+00 	-4.67221e-02 	+6.36291e+00 	-4.67225e-02 	-1.91205e+00 	+6.76511e-06 	+6.64724e+00 	-4.05061e-02 	+6.64724e+00 	-4.05061e-02 	+6.64724e+00 	-4.05061e-02 	
+1.15000e+01 	-5.36329e+00 	-1.36832e-01 	-5.36329e+00 	-1.36832e-01 	-6.36711e+00 	-5.40128e-02 	-6.36711e+00 	-5.40128e-02 	+6.36711e+00 	-5.40110e-02 	-1.91068e+00 	+6.62541e-06 	+6.64421e+00 	-3.31713e-02 	+6.64421e+00 	-3.31713e-02 	+6.64421e+00 	-3.31713e-02 	
+1.16000e+01 	-5.36652e+00 	-1.39217e-01 	-5.36652e+00 	-1.39217e-01 	-6.37098e+00 	-6.05439e-02 	-6.37098e+00 	-6.05439e-02 	+6.37098e+00 	-6.05438e-02 	-1.90930e+00 	+6.48277e-06 	+6.64288e+00 	-2.38156e-02 	+6.64288e+00 	-2.38156e-02 	+6.64288e+00 	-2.38156e-02 	
+1.17000e+01 	-5.36974e+00 	-1.41615e-01 	-5.36974e+00 	-1.41615e-01 	-6.37467e+00 	-6.64804e-02 	-6.37467e+00 	-6.64804e-02 	+6.37468e+00 	-6.64801e-02 	-1.90792e+00 	+6.35564e-06 	+6.64472e+00 	-1.31157e-02 	+6.64472e+00 	-1.31157e-02 	+6.64472e+00 	-1.31157e-02 	
+1.18000e+01 	-5.37294e+00 	-1.44036e-01 	-5.37294e+00 	-1.44036e-01 	-6.37829e+00 	-7.19423e-02 	-6.37829e+00 	-7.19423e-02 	+6.37829e+00 	-7.19426e-02 	-1.90653e+00 	+6.23276e-06 	+6.65024e+00 	-2.98252e-03 	+6.65024e+00 	-2.98252e-03 	+6.65024e+00 	-2.98252e-03 	
+1.19000e+01 	-5.37614e+00 	-1.46485e-01 	-5.37614e+00 	-1.46485e-01 	-6.38190e+00 	-7.70274e-02 	-6.38190e+00 	-7.70274e-02 	+6.38190e+00 	-7.70273e-02 	-1.90513e+00 	+6.11631e-06 	+6.65839e+00 	+5.24411e-03 	+6.65839e+00 	+5.24411e-03 	+6.65839e+00 	+5.24411e-03 	
+1.20000e+01 	-5.37934e+00 	-1.48971e-01 	-5.37934e+00 	-1.48971e-01 	-6.38552e+00 	-8.18000e-02 	-6.38552e+00 	-8.18000e-02 	+6.38552e+00 	-8.18012e-02 	-1.90372e+00 	+5.98982e-06 	+6.66805e+00 	+1.13959e-02 	+6.66805e+00 	+1.13959e-02 	+6.66805e+00 	+1.13959e-02 	
